(kicad_pcb (version 20171130) (host pcbnew 5.1.2)

  (general
    (thickness 1.6)
    (drawings 23)
    (tracks 490)
    (zones 0)
    (modules 42)
    (nets 58)
  )

  (page A4)
  (layers
    (0 F.Cu signal)
    (31 B.Cu signal)
    (32 B.Adhes user)
    (33 F.Adhes user)
    (34 B.Paste user)
    (35 F.Paste user)
    (36 B.SilkS user)
    (37 F.SilkS user)
    (38 B.Mask user)
    (39 F.Mask user)
    (40 Dwgs.User user)
    (41 Cmts.User user)
    (42 Eco1.User user)
    (43 Eco2.User user)
    (44 Edge.Cuts user)
    (45 Margin user)
    (46 B.CrtYd user)
    (47 F.CrtYd user)
    (48 B.Fab user)
    (49 F.Fab user)
  )

  (setup
    (last_trace_width 0.25)
    (trace_clearance 0.2)
    (zone_clearance 0.25)
    (zone_45_only no)
    (trace_min 0.2)
    (via_size 0.8)
    (via_drill 0.4)
    (via_min_size 0.4)
    (via_min_drill 0.3)
    (uvia_size 0.3)
    (uvia_drill 0.1)
    (uvias_allowed no)
    (uvia_min_size 0.2)
    (uvia_min_drill 0.1)
    (edge_width 0.05)
    (segment_width 0.2)
    (pcb_text_width 0.3)
    (pcb_text_size 1.5 1.5)
    (mod_edge_width 0.12)
    (mod_text_size 1 1)
    (mod_text_width 0.15)
    (pad_size 1.524 1.524)
    (pad_drill 0.762)
    (pad_to_mask_clearance 0.051)
    (solder_mask_min_width 0.25)
    (aux_axis_origin 0 0)
    (visible_elements FFFFFF7F)
    (pcbplotparams
      (layerselection 0x010fc_ffffffff)
      (usegerberextensions false)
      (usegerberattributes false)
      (usegerberadvancedattributes false)
      (creategerberjobfile false)
      (excludeedgelayer true)
      (linewidth 0.100000)
      (plotframeref false)
      (viasonmask false)
      (mode 1)
      (useauxorigin false)
      (hpglpennumber 1)
      (hpglpenspeed 20)
      (hpglpendiameter 15.000000)
      (psnegative false)
      (psa4output false)
      (plotreference true)
      (plotvalue true)
      (plotinvisibletext false)
      (padsonsilk false)
      (subtractmaskfromsilk false)
      (outputformat 1)
      (mirror false)
      (drillshape 1)
      (scaleselection 1)
      (outputdirectory ""))
  )

  (net 0 "")
  (net 1 /SDA)
  (net 2 /SCL)
  (net 3 GND)
  (net 4 "Net-(A1-Pad10)")
  (net 5 /Key)
  (net 6 "Net-(A1-Pad13)")
  (net 7 "Net-(A1-Pad14)")
  (net 8 +3V3)
  (net 9 +12V)
  (net 10 +5V)
  (net 11 "Net-(C11-Pad1)")
  (net 12 "Net-(C11-Pad2)")
  (net 13 /NRST)
  (net 14 /SWDIO)
  (net 15 /SWDCLK)
  (net 16 /LCD_RST)
  (net 17 /LCD_CE)
  (net 18 /LCD_DC)
  (net 19 /LCD_DATA)
  (net 20 /LCD_CLK)
  (net 21 "Net-(H2-Pad7)")
  (net 22 /OUT_1)
  (net 23 /OUT_0)
  (net 24 /OUT_2)
  (net 25 /OUT_3)
  (net 26 "Net-(J1-Pad1)")
  (net 27 "Net-(J2-Pad2)")
  (net 28 /BIN_0)
  (net 29 /BIN_1)
  (net 30 /BIN_3)
  (net 31 /BIN_2)
  (net 32 "Net-(JP1-Pad2)")
  (net 33 "Net-(R1-Pad2)")
  (net 34 "Net-(R4-Pad2)")
  (net 35 "Net-(R4-Pad1)")
  (net 36 "Net-(U1-Pad2)")
  (net 37 "Net-(U1-Pad3)")
  (net 38 "Net-(U1-Pad4)")
  (net 39 "Net-(U1-Pad5)")
  (net 40 "Net-(U1-Pad6)")
  (net 41 /SS_1)
  (net 42 /CLK_1)
  (net 43 /MISO_1)
  (net 44 /MOSI_1)
  (net 45 "Net-(U1-Pad27)")
  (net 46 "Net-(U1-Pad29)")
  (net 47 "Net-(U1-Pad30)")
  (net 48 "Net-(U1-Pad31)")
  (net 49 "Net-(U1-Pad33)")
  (net 50 "Net-(U1-Pad38)")
  (net 51 "Net-(U1-Pad40)")
  (net 52 "Net-(U1-Pad41)")
  (net 53 "Net-(U1-Pad45)")
  (net 54 "Net-(U1-Pad46)")
  (net 55 "Net-(U2-Pad1)")
  (net 56 "Net-(A1-Pad15)")
  (net 57 /DRDY)

  (net_class Default "This is the default net class."
    (clearance 0.2)
    (trace_width 0.25)
    (via_dia 0.8)
    (via_drill 0.4)
    (uvia_dia 0.3)
    (uvia_drill 0.1)
    (add_net +12V)
    (add_net +3V3)
    (add_net +5V)
    (add_net /BIN_0)
    (add_net /BIN_1)
    (add_net /BIN_2)
    (add_net /BIN_3)
    (add_net /CLK_1)
    (add_net /DRDY)
    (add_net /Key)
    (add_net /LCD_CE)
    (add_net /LCD_CLK)
    (add_net /LCD_DATA)
    (add_net /LCD_DC)
    (add_net /LCD_RST)
    (add_net /MISO_1)
    (add_net /MOSI_1)
    (add_net /NRST)
    (add_net /OUT_0)
    (add_net /OUT_1)
    (add_net /OUT_2)
    (add_net /OUT_3)
    (add_net /SCL)
    (add_net /SDA)
    (add_net /SS_1)
    (add_net /SWDCLK)
    (add_net /SWDIO)
    (add_net GND)
    (add_net "Net-(A1-Pad10)")
    (add_net "Net-(A1-Pad13)")
    (add_net "Net-(A1-Pad14)")
    (add_net "Net-(A1-Pad15)")
    (add_net "Net-(C11-Pad1)")
    (add_net "Net-(C11-Pad2)")
    (add_net "Net-(H2-Pad7)")
    (add_net "Net-(J1-Pad1)")
    (add_net "Net-(J2-Pad2)")
    (add_net "Net-(JP1-Pad2)")
    (add_net "Net-(R1-Pad2)")
    (add_net "Net-(R4-Pad1)")
    (add_net "Net-(R4-Pad2)")
    (add_net "Net-(U1-Pad2)")
    (add_net "Net-(U1-Pad27)")
    (add_net "Net-(U1-Pad29)")
    (add_net "Net-(U1-Pad3)")
    (add_net "Net-(U1-Pad30)")
    (add_net "Net-(U1-Pad31)")
    (add_net "Net-(U1-Pad33)")
    (add_net "Net-(U1-Pad38)")
    (add_net "Net-(U1-Pad4)")
    (add_net "Net-(U1-Pad40)")
    (add_net "Net-(U1-Pad41)")
    (add_net "Net-(U1-Pad45)")
    (add_net "Net-(U1-Pad46)")
    (add_net "Net-(U1-Pad5)")
    (add_net "Net-(U1-Pad6)")
    (add_net "Net-(U2-Pad1)")
  )

  (module TerminalBlock_MetzConnect:TerminalBlock_MetzConnect_Type055_RT01502HDWU_1x02_P5.00mm_Horizontal (layer F.Cu) (tedit 5B294EA7) (tstamp 5CE4B066)
    (at 101.346 79.502)
    (descr "terminal block Metz Connect Type055_RT01502HDWU, 2 pins, pitch 5mm, size 10x8mm^2, drill diamater 1.3mm, pad diameter 2.5mm, see http://www.metz-connect.com/de/system/files/productfiles/Datenblatt_310551_RT015xxHDWU_OFF-022723S.pdf, script-generated using https://github.com/pointhi/kicad-footprint-generator/scripts/TerminalBlock_MetzConnect")
    (tags "THT terminal block Metz Connect Type055_RT01502HDWU pitch 5mm size 10x8mm^2 drill 1.3mm pad 2.5mm")
    (path /5D0A7360)
    (fp_text reference J4 (at 2.5 -5.06) (layer F.SilkS) hide
      (effects (font (size 1 1) (thickness 0.15)))
    )
    (fp_text value Screw_Terminal_01x02 (at 2.5 5.06) (layer F.Fab) hide
      (effects (font (size 1 1) (thickness 0.15)))
    )
    (fp_text user %R (at 2.5 3) (layer F.Fab)
      (effects (font (size 1 1) (thickness 0.15)))
    )
    (fp_line (start 8 -4.5) (end -3 -4.5) (layer F.CrtYd) (width 0.05))
    (fp_line (start 8 4.5) (end 8 -4.5) (layer F.CrtYd) (width 0.05))
    (fp_line (start -3 4.5) (end 8 4.5) (layer F.CrtYd) (width 0.05))
    (fp_line (start -3 -4.5) (end -3 4.5) (layer F.CrtYd) (width 0.05))
    (fp_line (start -2.8 4.3) (end -0.8 4.3) (layer F.SilkS) (width 0.12))
    (fp_line (start -2.8 2.06) (end -2.8 4.3) (layer F.SilkS) (width 0.12))
    (fp_line (start 3.82 0.976) (end 3.726 1.069) (layer F.SilkS) (width 0.12))
    (fp_line (start 6.07 -1.275) (end 6.011 -1.216) (layer F.SilkS) (width 0.12))
    (fp_line (start 3.99 1.216) (end 3.931 1.274) (layer F.SilkS) (width 0.12))
    (fp_line (start 6.275 -1.069) (end 6.181 -0.976) (layer F.SilkS) (width 0.12))
    (fp_line (start 5.955 -1.138) (end 3.863 0.955) (layer F.Fab) (width 0.1))
    (fp_line (start 6.138 -0.955) (end 4.046 1.138) (layer F.Fab) (width 0.1))
    (fp_line (start 0.955 -1.138) (end -1.138 0.955) (layer F.Fab) (width 0.1))
    (fp_line (start 1.138 -0.955) (end -0.955 1.138) (layer F.Fab) (width 0.1))
    (fp_line (start 7.56 -4.06) (end 7.56 4.06) (layer F.SilkS) (width 0.12))
    (fp_line (start -2.56 -4.06) (end -2.56 4.06) (layer F.SilkS) (width 0.12))
    (fp_line (start -2.56 4.06) (end 7.56 4.06) (layer F.SilkS) (width 0.12))
    (fp_line (start -2.56 -4.06) (end 7.56 -4.06) (layer F.SilkS) (width 0.12))
    (fp_line (start -2.56 -2) (end 7.56 -2) (layer F.SilkS) (width 0.12))
    (fp_line (start -2.5 -2) (end 7.5 -2) (layer F.Fab) (width 0.1))
    (fp_line (start -2.56 2) (end 7.56 2) (layer F.SilkS) (width 0.12))
    (fp_line (start -2.5 2) (end 7.5 2) (layer F.Fab) (width 0.1))
    (fp_line (start -2.5 2) (end -2.5 -4) (layer F.Fab) (width 0.1))
    (fp_line (start -0.5 4) (end -2.5 2) (layer F.Fab) (width 0.1))
    (fp_line (start 7.5 4) (end -0.5 4) (layer F.Fab) (width 0.1))
    (fp_line (start 7.5 -4) (end 7.5 4) (layer F.Fab) (width 0.1))
    (fp_line (start -2.5 -4) (end 7.5 -4) (layer F.Fab) (width 0.1))
    (fp_circle (center 5 0) (end 6.68 0) (layer F.SilkS) (width 0.12))
    (fp_circle (center 5 0) (end 6.5 0) (layer F.Fab) (width 0.1))
    (fp_circle (center 0 0) (end 1.5 0) (layer F.Fab) (width 0.1))
    (fp_arc (start 0 0) (end -0.789 1.484) (angle -29) (layer F.SilkS) (width 0.12))
    (fp_arc (start 0 0) (end -1.484 -0.789) (angle -56) (layer F.SilkS) (width 0.12))
    (fp_arc (start 0 0) (end 0.789 -1.484) (angle -56) (layer F.SilkS) (width 0.12))
    (fp_arc (start 0 0) (end 1.484 0.789) (angle -56) (layer F.SilkS) (width 0.12))
    (fp_arc (start 0 0) (end 0 1.68) (angle -28) (layer F.SilkS) (width 0.12))
    (pad 2 thru_hole circle (at 5 0) (size 2.5 2.5) (drill 1.3) (layers *.Cu *.Mask)
      (net 29 /BIN_1))
    (pad 1 thru_hole rect (at 0 0) (size 2.5 2.5) (drill 1.3) (layers *.Cu *.Mask)
      (net 28 /BIN_0))
    (model ${KISYS3DMOD}/TerminalBlock_MetzConnect.3dshapes/TerminalBlock_MetzConnect_Type055_RT01502HDWU_1x02_P5.00mm_Horizontal.wrl
      (at (xyz 0 0 0))
      (scale (xyz 1 1 1))
      (rotate (xyz 0 0 0))
    )
  )

  (module Package_SO:SSOP-20_5.3x7.2mm_P0.65mm (layer F.Cu) (tedit 5A02F25C) (tstamp 5CE44BBA)
    (at 132.08 59.944 90)
    (descr "20-Lead Plastic Shrink Small Outline (SS)-5.30 mm Body [SSOP] (see Microchip Packaging Specification 00000049BS.pdf)")
    (tags "SSOP 0.65")
    (path /5CE3C11D)
    (attr smd)
    (fp_text reference U2 (at 0 0 90) (layer F.SilkS)
      (effects (font (size 1 1) (thickness 0.15)))
    )
    (fp_text value MAX31865 (at 0 4.75 90) (layer F.SilkS)
      (effects (font (size 1 1) (thickness 0.15)))
    )
    (fp_line (start -1.65 -3.6) (end 2.65 -3.6) (layer F.Fab) (width 0.15))
    (fp_line (start 2.65 -3.6) (end 2.65 3.6) (layer F.Fab) (width 0.15))
    (fp_line (start 2.65 3.6) (end -2.65 3.6) (layer F.Fab) (width 0.15))
    (fp_line (start -2.65 3.6) (end -2.65 -2.6) (layer F.Fab) (width 0.15))
    (fp_line (start -2.65 -2.6) (end -1.65 -3.6) (layer F.Fab) (width 0.15))
    (fp_line (start -4.75 -4) (end -4.75 4) (layer F.CrtYd) (width 0.05))
    (fp_line (start 4.75 -4) (end 4.75 4) (layer F.CrtYd) (width 0.05))
    (fp_line (start -4.75 -4) (end 4.75 -4) (layer F.CrtYd) (width 0.05))
    (fp_line (start -4.75 4) (end 4.75 4) (layer F.CrtYd) (width 0.05))
    (fp_line (start -2.875 -3.825) (end -2.875 -3.475) (layer F.SilkS) (width 0.15))
    (fp_line (start 2.875 -3.825) (end 2.875 -3.375) (layer F.SilkS) (width 0.15))
    (fp_line (start 2.875 3.825) (end 2.875 3.375) (layer F.SilkS) (width 0.15))
    (fp_line (start -2.875 3.825) (end -2.875 3.375) (layer F.SilkS) (width 0.15))
    (fp_line (start -2.875 -3.825) (end 2.875 -3.825) (layer F.SilkS) (width 0.15))
    (fp_line (start -2.875 3.825) (end 2.875 3.825) (layer F.SilkS) (width 0.15))
    (fp_line (start -2.875 -3.475) (end -4.475 -3.475) (layer F.SilkS) (width 0.15))
    (fp_text user %R (at 0 0 90) (layer F.Fab)
      (effects (font (size 0.8 0.8) (thickness 0.15)))
    )
    (pad 1 smd rect (at -3.6 -2.925 90) (size 1.75 0.45) (layers F.Cu F.Paste F.Mask)
      (net 55 "Net-(U2-Pad1)"))
    (pad 2 smd rect (at -3.6 -2.275 90) (size 1.75 0.45) (layers F.Cu F.Paste F.Mask)
      (net 8 +3V3))
    (pad 3 smd rect (at -3.6 -1.625 90) (size 1.75 0.45) (layers F.Cu F.Paste F.Mask)
      (net 8 +3V3))
    (pad 4 smd rect (at -3.6 -0.975 90) (size 1.75 0.45) (layers F.Cu F.Paste F.Mask)
      (net 35 "Net-(R4-Pad1)"))
    (pad 5 smd rect (at -3.6 -0.325 90) (size 1.75 0.45) (layers F.Cu F.Paste F.Mask)
      (net 35 "Net-(R4-Pad1)"))
    (pad 6 smd rect (at -3.6 0.325 90) (size 1.75 0.45) (layers F.Cu F.Paste F.Mask)
      (net 34 "Net-(R4-Pad2)"))
    (pad 7 smd rect (at -3.6 0.975 90) (size 1.75 0.45) (layers F.Cu F.Paste F.Mask)
      (net 34 "Net-(R4-Pad2)"))
    (pad 8 smd rect (at -3.6 1.625 90) (size 1.75 0.45) (layers F.Cu F.Paste F.Mask)
      (net 26 "Net-(J1-Pad1)"))
    (pad 9 smd rect (at -3.6 2.275 90) (size 1.75 0.45) (layers F.Cu F.Paste F.Mask)
      (net 32 "Net-(JP1-Pad2)"))
    (pad 10 smd rect (at -3.6 2.925 90) (size 1.75 0.45) (layers F.Cu F.Paste F.Mask)
      (net 11 "Net-(C11-Pad1)"))
    (pad 11 smd rect (at 3.6 2.925 90) (size 1.75 0.45) (layers F.Cu F.Paste F.Mask)
      (net 12 "Net-(C11-Pad2)"))
    (pad 12 smd rect (at 3.6 2.275 90) (size 1.75 0.45) (layers F.Cu F.Paste F.Mask)
      (net 27 "Net-(J2-Pad2)"))
    (pad 13 smd rect (at 3.6 1.625 90) (size 1.75 0.45) (layers F.Cu F.Paste F.Mask)
      (net 3 GND))
    (pad 14 smd rect (at 3.6 0.975 90) (size 1.75 0.45) (layers F.Cu F.Paste F.Mask)
      (net 44 /MOSI_1))
    (pad 15 smd rect (at 3.6 0.325 90) (size 1.75 0.45) (layers F.Cu F.Paste F.Mask)
      (net 42 /CLK_1))
    (pad 16 smd rect (at 3.6 -0.325 90) (size 1.75 0.45) (layers F.Cu F.Paste F.Mask)
      (net 41 /SS_1))
    (pad 17 smd rect (at 3.6 -0.975 90) (size 1.75 0.45) (layers F.Cu F.Paste F.Mask)
      (net 43 /MISO_1))
    (pad 18 smd rect (at 3.6 -1.625 90) (size 1.75 0.45) (layers F.Cu F.Paste F.Mask)
      (net 3 GND))
    (pad 19 smd rect (at 3.6 -2.275 90) (size 1.75 0.45) (layers F.Cu F.Paste F.Mask)
      (net 3 GND))
    (pad 20 smd rect (at 3.6 -2.925 90) (size 1.75 0.45) (layers F.Cu F.Paste F.Mask))
    (model ${KISYS3DMOD}/Package_SO.3dshapes/SSOP-20_5.3x7.2mm_P0.65mm.wrl
      (at (xyz 0 0 0))
      (scale (xyz 1 1 1))
      (rotate (xyz 0 0 0))
    )
  )

  (module footprint_lib:KIMaip (layer F.Cu) (tedit 5CE41413) (tstamp 5CE446B6)
    (at 103.886 51.816)
    (path /5CF29796)
    (fp_text reference A1 (at -2.032 12.827 90) (layer F.SilkS)
      (effects (font (size 1 1) (thickness 0.15)))
    )
    (fp_text value KIMaip (at -2.032 16.637 90) (layer F.SilkS)
      (effects (font (size 1 1) (thickness 0.15)))
    )
    (fp_line (start -1.27 -1.27) (end 38.1 -1.27) (layer F.SilkS) (width 0.12))
    (fp_line (start 38.1 -1.27) (end 38.1 19.05) (layer F.SilkS) (width 0.12))
    (fp_line (start 38.1 19.05) (end -1.27 19.05) (layer F.SilkS) (width 0.12))
    (fp_line (start -1.27 19.05) (end -1.27 -1.27) (layer F.SilkS) (width 0.12))
    (pad 1 thru_hole rect (at 0 0) (size 1.7 1.7) (drill 1) (layers *.Cu *.Mask)
      (net 57 /DRDY))
    (pad 2 thru_hole circle (at 0 2.54) (size 1.7 1.7) (drill 1) (layers *.Cu *.Mask)
      (net 1 /SDA))
    (pad 3 thru_hole circle (at 0 5.08) (size 1.7 1.7) (drill 1) (layers *.Cu *.Mask)
      (net 2 /SCL))
    (pad 4 thru_hole circle (at 0 7.62) (size 1.7 1.7) (drill 1) (layers *.Cu *.Mask))
    (pad 5 thru_hole circle (at 0 10.16) (size 1.7 1.7) (drill 1) (layers *.Cu *.Mask))
    (pad 6 thru_hole circle (at 0 12.7) (size 1.7 1.7) (drill 1) (layers *.Cu *.Mask))
    (pad 7 thru_hole circle (at 0 15.24) (size 1.7 1.7) (drill 1) (layers *.Cu *.Mask))
    (pad 8 thru_hole circle (at 0 17.78) (size 1.7 1.7) (drill 1) (layers *.Cu *.Mask))
    (pad 9 thru_hole circle (at 36.83 17.78) (size 1.7 1.7) (drill 1) (layers *.Cu *.Mask)
      (net 3 GND))
    (pad 10 thru_hole circle (at 36.83 15.24) (size 1.7 1.7) (drill 1) (layers *.Cu *.Mask)
      (net 4 "Net-(A1-Pad10)"))
    (pad 11 thru_hole circle (at 36.83 12.7) (size 1.7 1.7) (drill 1) (layers *.Cu *.Mask))
    (pad 12 thru_hole circle (at 36.83 10.16) (size 1.7 1.7) (drill 1) (layers *.Cu *.Mask)
      (net 5 /Key))
    (pad 13 thru_hole circle (at 36.83 7.62) (size 1.7 1.7) (drill 1) (layers *.Cu *.Mask)
      (net 6 "Net-(A1-Pad13)"))
    (pad 14 thru_hole circle (at 36.83 5.08) (size 1.7 1.7) (drill 1) (layers *.Cu *.Mask)
      (net 7 "Net-(A1-Pad14)"))
    (pad 15 thru_hole circle (at 36.83 2.54) (size 1.7 1.7) (drill 1) (layers *.Cu *.Mask)
      (net 56 "Net-(A1-Pad15)"))
    (pad 16 thru_hole circle (at 36.83 0) (size 1.7 1.7) (drill 1) (layers *.Cu *.Mask)
      (net 9 +12V))
  )

  (module Capacitor_SMD:C_0805_2012Metric_Pad1.15x1.40mm_HandSolder (layer F.Cu) (tedit 5B36C52B) (tstamp 5CE446C7)
    (at 106.934 62.865)
    (descr "Capacitor SMD 0805 (2012 Metric), square (rectangular) end terminal, IPC_7351 nominal with elongated pad for handsoldering. (Body size source: https://docs.google.com/spreadsheets/d/1BsfQQcO9C6DZCsRaXUlFlo91Tg2WpOkGARC1WS5S8t0/edit?usp=sharing), generated with kicad-footprint-generator")
    (tags "capacitor handsolder")
    (path /5CED27EB)
    (attr smd)
    (fp_text reference C1 (at -1.016 1.905 90) (layer F.SilkS)
      (effects (font (size 1 1) (thickness 0.15)))
    )
    (fp_text value 0.1uf (at 0 1.65) (layer F.Fab) hide
      (effects (font (size 1 1) (thickness 0.15)))
    )
    (fp_line (start -1 0.6) (end -1 -0.6) (layer F.Fab) (width 0.1))
    (fp_line (start -1 -0.6) (end 1 -0.6) (layer F.Fab) (width 0.1))
    (fp_line (start 1 -0.6) (end 1 0.6) (layer F.Fab) (width 0.1))
    (fp_line (start 1 0.6) (end -1 0.6) (layer F.Fab) (width 0.1))
    (fp_line (start -0.261252 -0.71) (end 0.261252 -0.71) (layer F.SilkS) (width 0.12))
    (fp_line (start -0.261252 0.71) (end 0.261252 0.71) (layer F.SilkS) (width 0.12))
    (fp_line (start -1.85 0.95) (end -1.85 -0.95) (layer F.CrtYd) (width 0.05))
    (fp_line (start -1.85 -0.95) (end 1.85 -0.95) (layer F.CrtYd) (width 0.05))
    (fp_line (start 1.85 -0.95) (end 1.85 0.95) (layer F.CrtYd) (width 0.05))
    (fp_line (start 1.85 0.95) (end -1.85 0.95) (layer F.CrtYd) (width 0.05))
    (fp_text user %R (at 0 0) (layer F.Fab)
      (effects (font (size 0.5 0.5) (thickness 0.08)))
    )
    (pad 1 smd roundrect (at -1.025 0) (size 1.15 1.4) (layers F.Cu F.Paste F.Mask) (roundrect_rratio 0.217391)
      (net 3 GND))
    (pad 2 smd roundrect (at 1.025 0) (size 1.15 1.4) (layers F.Cu F.Paste F.Mask) (roundrect_rratio 0.217391)
      (net 8 +3V3))
    (model ${KISYS3DMOD}/Capacitor_SMD.3dshapes/C_0805_2012Metric.wrl
      (at (xyz 0 0 0))
      (scale (xyz 1 1 1))
      (rotate (xyz 0 0 0))
    )
  )

  (module Capacitor_SMD:C_0805_2012Metric_Pad1.15x1.40mm_HandSolder (layer F.Cu) (tedit 5B36C52B) (tstamp 5CE446D8)
    (at 113.9825 68.2715 90)
    (descr "Capacitor SMD 0805 (2012 Metric), square (rectangular) end terminal, IPC_7351 nominal with elongated pad for handsoldering. (Body size source: https://docs.google.com/spreadsheets/d/1BsfQQcO9C6DZCsRaXUlFlo91Tg2WpOkGARC1WS5S8t0/edit?usp=sharing), generated with kicad-footprint-generator")
    (tags "capacitor handsolder")
    (path /5CED2438)
    (attr smd)
    (fp_text reference C2 (at 0.771 1.651 90) (layer F.SilkS)
      (effects (font (size 1 1) (thickness 0.15)))
    )
    (fp_text value 0.1uf (at 0 1.65 90) (layer F.Fab) hide
      (effects (font (size 1 1) (thickness 0.15)))
    )
    (fp_text user %R (at 0 0 90) (layer F.Fab)
      (effects (font (size 0.5 0.5) (thickness 0.08)))
    )
    (fp_line (start 1.85 0.95) (end -1.85 0.95) (layer F.CrtYd) (width 0.05))
    (fp_line (start 1.85 -0.95) (end 1.85 0.95) (layer F.CrtYd) (width 0.05))
    (fp_line (start -1.85 -0.95) (end 1.85 -0.95) (layer F.CrtYd) (width 0.05))
    (fp_line (start -1.85 0.95) (end -1.85 -0.95) (layer F.CrtYd) (width 0.05))
    (fp_line (start -0.261252 0.71) (end 0.261252 0.71) (layer F.SilkS) (width 0.12))
    (fp_line (start -0.261252 -0.71) (end 0.261252 -0.71) (layer F.SilkS) (width 0.12))
    (fp_line (start 1 0.6) (end -1 0.6) (layer F.Fab) (width 0.1))
    (fp_line (start 1 -0.6) (end 1 0.6) (layer F.Fab) (width 0.1))
    (fp_line (start -1 -0.6) (end 1 -0.6) (layer F.Fab) (width 0.1))
    (fp_line (start -1 0.6) (end -1 -0.6) (layer F.Fab) (width 0.1))
    (pad 2 smd roundrect (at 1.025 0 90) (size 1.15 1.4) (layers F.Cu F.Paste F.Mask) (roundrect_rratio 0.217391)
      (net 8 +3V3))
    (pad 1 smd roundrect (at -1.025 0 90) (size 1.15 1.4) (layers F.Cu F.Paste F.Mask) (roundrect_rratio 0.217391)
      (net 3 GND))
    (model ${KISYS3DMOD}/Capacitor_SMD.3dshapes/C_0805_2012Metric.wrl
      (at (xyz 0 0 0))
      (scale (xyz 1 1 1))
      (rotate (xyz 0 0 0))
    )
  )

  (module Capacitor_SMD:C_0805_2012Metric_Pad1.15x1.40mm_HandSolder (layer F.Cu) (tedit 5B36C52B) (tstamp 5CE446E9)
    (at 120.405 55.88 180)
    (descr "Capacitor SMD 0805 (2012 Metric), square (rectangular) end terminal, IPC_7351 nominal with elongated pad for handsoldering. (Body size source: https://docs.google.com/spreadsheets/d/1BsfQQcO9C6DZCsRaXUlFlo91Tg2WpOkGARC1WS5S8t0/edit?usp=sharing), generated with kicad-footprint-generator")
    (tags "capacitor handsolder")
    (path /5CEA40B5)
    (attr smd)
    (fp_text reference C3 (at -1.642 1.524) (layer F.SilkS)
      (effects (font (size 1 1) (thickness 0.15)))
    )
    (fp_text value 0.1uf (at 0 1.65) (layer F.Fab) hide
      (effects (font (size 1 1) (thickness 0.15)))
    )
    (fp_text user %R (at 0 0) (layer F.Fab)
      (effects (font (size 0.5 0.5) (thickness 0.08)))
    )
    (fp_line (start 1.85 0.95) (end -1.85 0.95) (layer F.CrtYd) (width 0.05))
    (fp_line (start 1.85 -0.95) (end 1.85 0.95) (layer F.CrtYd) (width 0.05))
    (fp_line (start -1.85 -0.95) (end 1.85 -0.95) (layer F.CrtYd) (width 0.05))
    (fp_line (start -1.85 0.95) (end -1.85 -0.95) (layer F.CrtYd) (width 0.05))
    (fp_line (start -0.261252 0.71) (end 0.261252 0.71) (layer F.SilkS) (width 0.12))
    (fp_line (start -0.261252 -0.71) (end 0.261252 -0.71) (layer F.SilkS) (width 0.12))
    (fp_line (start 1 0.6) (end -1 0.6) (layer F.Fab) (width 0.1))
    (fp_line (start 1 -0.6) (end 1 0.6) (layer F.Fab) (width 0.1))
    (fp_line (start -1 -0.6) (end 1 -0.6) (layer F.Fab) (width 0.1))
    (fp_line (start -1 0.6) (end -1 -0.6) (layer F.Fab) (width 0.1))
    (pad 2 smd roundrect (at 1.025 0 180) (size 1.15 1.4) (layers F.Cu F.Paste F.Mask) (roundrect_rratio 0.217391)
      (net 8 +3V3))
    (pad 1 smd roundrect (at -1.025 0 180) (size 1.15 1.4) (layers F.Cu F.Paste F.Mask) (roundrect_rratio 0.217391)
      (net 3 GND))
    (model ${KISYS3DMOD}/Capacitor_SMD.3dshapes/C_0805_2012Metric.wrl
      (at (xyz 0 0 0))
      (scale (xyz 1 1 1))
      (rotate (xyz 0 0 0))
    )
  )

  (module Capacitor_SMD:C_0805_2012Metric_Pad1.15x1.40mm_HandSolder (layer F.Cu) (tedit 5B36C52B) (tstamp 5CE446FA)
    (at 110.481 53.848)
    (descr "Capacitor SMD 0805 (2012 Metric), square (rectangular) end terminal, IPC_7351 nominal with elongated pad for handsoldering. (Body size source: https://docs.google.com/spreadsheets/d/1BsfQQcO9C6DZCsRaXUlFlo91Tg2WpOkGARC1WS5S8t0/edit?usp=sharing), generated with kicad-footprint-generator")
    (tags "capacitor handsolder")
    (path /5CED1DFC)
    (attr smd)
    (fp_text reference C4 (at 0 -1.65) (layer F.SilkS)
      (effects (font (size 1 1) (thickness 0.15)))
    )
    (fp_text value 0.1uf (at 0 1.65) (layer F.Fab) hide
      (effects (font (size 1 1) (thickness 0.15)))
    )
    (fp_line (start -1 0.6) (end -1 -0.6) (layer F.Fab) (width 0.1))
    (fp_line (start -1 -0.6) (end 1 -0.6) (layer F.Fab) (width 0.1))
    (fp_line (start 1 -0.6) (end 1 0.6) (layer F.Fab) (width 0.1))
    (fp_line (start 1 0.6) (end -1 0.6) (layer F.Fab) (width 0.1))
    (fp_line (start -0.261252 -0.71) (end 0.261252 -0.71) (layer F.SilkS) (width 0.12))
    (fp_line (start -0.261252 0.71) (end 0.261252 0.71) (layer F.SilkS) (width 0.12))
    (fp_line (start -1.85 0.95) (end -1.85 -0.95) (layer F.CrtYd) (width 0.05))
    (fp_line (start -1.85 -0.95) (end 1.85 -0.95) (layer F.CrtYd) (width 0.05))
    (fp_line (start 1.85 -0.95) (end 1.85 0.95) (layer F.CrtYd) (width 0.05))
    (fp_line (start 1.85 0.95) (end -1.85 0.95) (layer F.CrtYd) (width 0.05))
    (fp_text user %R (at 0 0) (layer F.Fab)
      (effects (font (size 0.5 0.5) (thickness 0.08)))
    )
    (pad 1 smd roundrect (at -1.025 0) (size 1.15 1.4) (layers F.Cu F.Paste F.Mask) (roundrect_rratio 0.217391)
      (net 3 GND))
    (pad 2 smd roundrect (at 1.025 0) (size 1.15 1.4) (layers F.Cu F.Paste F.Mask) (roundrect_rratio 0.217391)
      (net 8 +3V3))
    (model ${KISYS3DMOD}/Capacitor_SMD.3dshapes/C_0805_2012Metric.wrl
      (at (xyz 0 0 0))
      (scale (xyz 1 1 1))
      (rotate (xyz 0 0 0))
    )
  )

  (module Capacitor_SMD:C_0805_2012Metric_Pad1.15x1.40mm_HandSolder (layer F.Cu) (tedit 5B36C52B) (tstamp 5CE4470B)
    (at 108.576 65.405)
    (descr "Capacitor SMD 0805 (2012 Metric), square (rectangular) end terminal, IPC_7351 nominal with elongated pad for handsoldering. (Body size source: https://docs.google.com/spreadsheets/d/1BsfQQcO9C6DZCsRaXUlFlo91Tg2WpOkGARC1WS5S8t0/edit?usp=sharing), generated with kicad-footprint-generator")
    (tags "capacitor handsolder")
    (path /5CED2184)
    (attr smd)
    (fp_text reference C5 (at -0.127 1.651) (layer F.SilkS)
      (effects (font (size 1 1) (thickness 0.15)))
    )
    (fp_text value 0.1uf (at 0 1.65) (layer F.Fab) hide
      (effects (font (size 1 1) (thickness 0.15)))
    )
    (fp_text user %R (at 0 0) (layer F.Fab)
      (effects (font (size 0.5 0.5) (thickness 0.08)))
    )
    (fp_line (start 1.85 0.95) (end -1.85 0.95) (layer F.CrtYd) (width 0.05))
    (fp_line (start 1.85 -0.95) (end 1.85 0.95) (layer F.CrtYd) (width 0.05))
    (fp_line (start -1.85 -0.95) (end 1.85 -0.95) (layer F.CrtYd) (width 0.05))
    (fp_line (start -1.85 0.95) (end -1.85 -0.95) (layer F.CrtYd) (width 0.05))
    (fp_line (start -0.261252 0.71) (end 0.261252 0.71) (layer F.SilkS) (width 0.12))
    (fp_line (start -0.261252 -0.71) (end 0.261252 -0.71) (layer F.SilkS) (width 0.12))
    (fp_line (start 1 0.6) (end -1 0.6) (layer F.Fab) (width 0.1))
    (fp_line (start 1 -0.6) (end 1 0.6) (layer F.Fab) (width 0.1))
    (fp_line (start -1 -0.6) (end 1 -0.6) (layer F.Fab) (width 0.1))
    (fp_line (start -1 0.6) (end -1 -0.6) (layer F.Fab) (width 0.1))
    (pad 2 smd roundrect (at 1.025 0) (size 1.15 1.4) (layers F.Cu F.Paste F.Mask) (roundrect_rratio 0.217391)
      (net 8 +3V3))
    (pad 1 smd roundrect (at -1.025 0) (size 1.15 1.4) (layers F.Cu F.Paste F.Mask) (roundrect_rratio 0.217391)
      (net 3 GND))
    (model ${KISYS3DMOD}/Capacitor_SMD.3dshapes/C_0805_2012Metric.wrl
      (at (xyz 0 0 0))
      (scale (xyz 1 1 1))
      (rotate (xyz 0 0 0))
    )
  )

  (module Capacitor_SMD:C_0805_2012Metric_Pad1.15x1.40mm_HandSolder (layer F.Cu) (tedit 5B36C52B) (tstamp 5CE4471C)
    (at 93.971 51.562 180)
    (descr "Capacitor SMD 0805 (2012 Metric), square (rectangular) end terminal, IPC_7351 nominal with elongated pad for handsoldering. (Body size source: https://docs.google.com/spreadsheets/d/1BsfQQcO9C6DZCsRaXUlFlo91Tg2WpOkGARC1WS5S8t0/edit?usp=sharing), generated with kicad-footprint-generator")
    (tags "capacitor handsolder")
    (path /5D0D331A)
    (attr smd)
    (fp_text reference C6 (at 2.531 0 90) (layer F.SilkS)
      (effects (font (size 1 1) (thickness 0.15)))
    )
    (fp_text value 0.33uf (at 0 1.65) (layer F.Fab) hide
      (effects (font (size 1 1) (thickness 0.15)))
    )
    (fp_line (start -1 0.6) (end -1 -0.6) (layer F.Fab) (width 0.1))
    (fp_line (start -1 -0.6) (end 1 -0.6) (layer F.Fab) (width 0.1))
    (fp_line (start 1 -0.6) (end 1 0.6) (layer F.Fab) (width 0.1))
    (fp_line (start 1 0.6) (end -1 0.6) (layer F.Fab) (width 0.1))
    (fp_line (start -0.261252 -0.71) (end 0.261252 -0.71) (layer F.SilkS) (width 0.12))
    (fp_line (start -0.261252 0.71) (end 0.261252 0.71) (layer F.SilkS) (width 0.12))
    (fp_line (start -1.85 0.95) (end -1.85 -0.95) (layer F.CrtYd) (width 0.05))
    (fp_line (start -1.85 -0.95) (end 1.85 -0.95) (layer F.CrtYd) (width 0.05))
    (fp_line (start 1.85 -0.95) (end 1.85 0.95) (layer F.CrtYd) (width 0.05))
    (fp_line (start 1.85 0.95) (end -1.85 0.95) (layer F.CrtYd) (width 0.05))
    (fp_text user %R (at 0 0) (layer F.Fab)
      (effects (font (size 0.5 0.5) (thickness 0.08)))
    )
    (pad 1 smd roundrect (at -1.025 0 180) (size 1.15 1.4) (layers F.Cu F.Paste F.Mask) (roundrect_rratio 0.217391)
      (net 3 GND))
    (pad 2 smd roundrect (at 1.025 0 180) (size 1.15 1.4) (layers F.Cu F.Paste F.Mask) (roundrect_rratio 0.217391)
      (net 9 +12V))
    (model ${KISYS3DMOD}/Capacitor_SMD.3dshapes/C_0805_2012Metric.wrl
      (at (xyz 0 0 0))
      (scale (xyz 1 1 1))
      (rotate (xyz 0 0 0))
    )
  )

  (module Capacitor_SMD:C_0805_2012Metric_Pad1.15x1.40mm_HandSolder (layer F.Cu) (tedit 5B36C52B) (tstamp 5CE4472D)
    (at 139.691 49.276)
    (descr "Capacitor SMD 0805 (2012 Metric), square (rectangular) end terminal, IPC_7351 nominal with elongated pad for handsoldering. (Body size source: https://docs.google.com/spreadsheets/d/1BsfQQcO9C6DZCsRaXUlFlo91Tg2WpOkGARC1WS5S8t0/edit?usp=sharing), generated with kicad-footprint-generator")
    (tags "capacitor handsolder")
    (path /5CF4089C)
    (attr smd)
    (fp_text reference C7 (at 0 -1.65) (layer F.SilkS)
      (effects (font (size 1 1) (thickness 0.15)))
    )
    (fp_text value 0.1uf (at 0 1.65) (layer F.Fab) hide
      (effects (font (size 1 1) (thickness 0.15)))
    )
    (fp_line (start -1 0.6) (end -1 -0.6) (layer F.Fab) (width 0.1))
    (fp_line (start -1 -0.6) (end 1 -0.6) (layer F.Fab) (width 0.1))
    (fp_line (start 1 -0.6) (end 1 0.6) (layer F.Fab) (width 0.1))
    (fp_line (start 1 0.6) (end -1 0.6) (layer F.Fab) (width 0.1))
    (fp_line (start -0.261252 -0.71) (end 0.261252 -0.71) (layer F.SilkS) (width 0.12))
    (fp_line (start -0.261252 0.71) (end 0.261252 0.71) (layer F.SilkS) (width 0.12))
    (fp_line (start -1.85 0.95) (end -1.85 -0.95) (layer F.CrtYd) (width 0.05))
    (fp_line (start -1.85 -0.95) (end 1.85 -0.95) (layer F.CrtYd) (width 0.05))
    (fp_line (start 1.85 -0.95) (end 1.85 0.95) (layer F.CrtYd) (width 0.05))
    (fp_line (start 1.85 0.95) (end -1.85 0.95) (layer F.CrtYd) (width 0.05))
    (fp_text user %R (at 0 0) (layer F.Fab)
      (effects (font (size 0.5 0.5) (thickness 0.08)))
    )
    (pad 1 smd roundrect (at -1.025 0) (size 1.15 1.4) (layers F.Cu F.Paste F.Mask) (roundrect_rratio 0.217391)
      (net 3 GND))
    (pad 2 smd roundrect (at 1.025 0) (size 1.15 1.4) (layers F.Cu F.Paste F.Mask) (roundrect_rratio 0.217391)
      (net 9 +12V))
    (model ${KISYS3DMOD}/Capacitor_SMD.3dshapes/C_0805_2012Metric.wrl
      (at (xyz 0 0 0))
      (scale (xyz 1 1 1))
      (rotate (xyz 0 0 0))
    )
  )

  (module Capacitor_SMD:C_0805_2012Metric_Pad1.15x1.40mm_HandSolder (layer F.Cu) (tedit 5B36C52B) (tstamp 5CE4473E)
    (at 98.289 51.562)
    (descr "Capacitor SMD 0805 (2012 Metric), square (rectangular) end terminal, IPC_7351 nominal with elongated pad for handsoldering. (Body size source: https://docs.google.com/spreadsheets/d/1BsfQQcO9C6DZCsRaXUlFlo91Tg2WpOkGARC1WS5S8t0/edit?usp=sharing), generated with kicad-footprint-generator")
    (tags "capacitor handsolder")
    (path /5D0FA7A6)
    (attr smd)
    (fp_text reference C8 (at 2.549 0 90) (layer F.SilkS)
      (effects (font (size 1 1) (thickness 0.15)))
    )
    (fp_text value 0.1uf (at 0 1.65) (layer F.Fab) hide
      (effects (font (size 1 1) (thickness 0.15)))
    )
    (fp_text user %R (at 0 0) (layer F.Fab)
      (effects (font (size 0.5 0.5) (thickness 0.08)))
    )
    (fp_line (start 1.85 0.95) (end -1.85 0.95) (layer F.CrtYd) (width 0.05))
    (fp_line (start 1.85 -0.95) (end 1.85 0.95) (layer F.CrtYd) (width 0.05))
    (fp_line (start -1.85 -0.95) (end 1.85 -0.95) (layer F.CrtYd) (width 0.05))
    (fp_line (start -1.85 0.95) (end -1.85 -0.95) (layer F.CrtYd) (width 0.05))
    (fp_line (start -0.261252 0.71) (end 0.261252 0.71) (layer F.SilkS) (width 0.12))
    (fp_line (start -0.261252 -0.71) (end 0.261252 -0.71) (layer F.SilkS) (width 0.12))
    (fp_line (start 1 0.6) (end -1 0.6) (layer F.Fab) (width 0.1))
    (fp_line (start 1 -0.6) (end 1 0.6) (layer F.Fab) (width 0.1))
    (fp_line (start -1 -0.6) (end 1 -0.6) (layer F.Fab) (width 0.1))
    (fp_line (start -1 0.6) (end -1 -0.6) (layer F.Fab) (width 0.1))
    (pad 2 smd roundrect (at 1.025 0) (size 1.15 1.4) (layers F.Cu F.Paste F.Mask) (roundrect_rratio 0.217391)
      (net 10 +5V))
    (pad 1 smd roundrect (at -1.025 0) (size 1.15 1.4) (layers F.Cu F.Paste F.Mask) (roundrect_rratio 0.217391)
      (net 3 GND))
    (model ${KISYS3DMOD}/Capacitor_SMD.3dshapes/C_0805_2012Metric.wrl
      (at (xyz 0 0 0))
      (scale (xyz 1 1 1))
      (rotate (xyz 0 0 0))
    )
  )

  (module Capacitor_SMD:C_0805_2012Metric_Pad1.15x1.40mm_HandSolder (layer F.Cu) (tedit 5B36C52B) (tstamp 5CE4474F)
    (at 127.508 67.319 90)
    (descr "Capacitor SMD 0805 (2012 Metric), square (rectangular) end terminal, IPC_7351 nominal with elongated pad for handsoldering. (Body size source: https://docs.google.com/spreadsheets/d/1BsfQQcO9C6DZCsRaXUlFlo91Tg2WpOkGARC1WS5S8t0/edit?usp=sharing), generated with kicad-footprint-generator")
    (tags "capacitor handsolder")
    (path /5CE42FDA)
    (attr smd)
    (fp_text reference C9 (at -1.016 -1.524 90) (layer F.SilkS)
      (effects (font (size 1 1) (thickness 0.15)))
    )
    (fp_text value 0.1uf (at 0 1.65 90) (layer F.Fab) hide
      (effects (font (size 1 1) (thickness 0.15)))
    )
    (fp_line (start -1 0.6) (end -1 -0.6) (layer F.Fab) (width 0.1))
    (fp_line (start -1 -0.6) (end 1 -0.6) (layer F.Fab) (width 0.1))
    (fp_line (start 1 -0.6) (end 1 0.6) (layer F.Fab) (width 0.1))
    (fp_line (start 1 0.6) (end -1 0.6) (layer F.Fab) (width 0.1))
    (fp_line (start -0.261252 -0.71) (end 0.261252 -0.71) (layer F.SilkS) (width 0.12))
    (fp_line (start -0.261252 0.71) (end 0.261252 0.71) (layer F.SilkS) (width 0.12))
    (fp_line (start -1.85 0.95) (end -1.85 -0.95) (layer F.CrtYd) (width 0.05))
    (fp_line (start -1.85 -0.95) (end 1.85 -0.95) (layer F.CrtYd) (width 0.05))
    (fp_line (start 1.85 -0.95) (end 1.85 0.95) (layer F.CrtYd) (width 0.05))
    (fp_line (start 1.85 0.95) (end -1.85 0.95) (layer F.CrtYd) (width 0.05))
    (fp_text user %R (at 0 0 90) (layer F.Fab)
      (effects (font (size 0.5 0.5) (thickness 0.08)))
    )
    (pad 1 smd roundrect (at -1.025 0 90) (size 1.15 1.4) (layers F.Cu F.Paste F.Mask) (roundrect_rratio 0.217391)
      (net 3 GND))
    (pad 2 smd roundrect (at 1.025 0 90) (size 1.15 1.4) (layers F.Cu F.Paste F.Mask) (roundrect_rratio 0.217391)
      (net 8 +3V3))
    (model ${KISYS3DMOD}/Capacitor_SMD.3dshapes/C_0805_2012Metric.wrl
      (at (xyz 0 0 0))
      (scale (xyz 1 1 1))
      (rotate (xyz 0 0 0))
    )
  )

  (module Capacitor_SMD:C_0805_2012Metric_Pad1.15x1.40mm_HandSolder (layer F.Cu) (tedit 5B36C52B) (tstamp 5CE44760)
    (at 129.6035 67.31 90)
    (descr "Capacitor SMD 0805 (2012 Metric), square (rectangular) end terminal, IPC_7351 nominal with elongated pad for handsoldering. (Body size source: https://docs.google.com/spreadsheets/d/1BsfQQcO9C6DZCsRaXUlFlo91Tg2WpOkGARC1WS5S8t0/edit?usp=sharing), generated with kicad-footprint-generator")
    (tags "capacitor handsolder")
    (path /5CE412FA)
    (attr smd)
    (fp_text reference C10 (at -2.794 0.127 180) (layer F.SilkS)
      (effects (font (size 1 1) (thickness 0.15)))
    )
    (fp_text value 0.1uf (at 0 1.65 90) (layer F.Fab) hide
      (effects (font (size 1 1) (thickness 0.15)))
    )
    (fp_text user %R (at 0 0 90) (layer F.Fab)
      (effects (font (size 0.5 0.5) (thickness 0.08)))
    )
    (fp_line (start 1.85 0.95) (end -1.85 0.95) (layer F.CrtYd) (width 0.05))
    (fp_line (start 1.85 -0.95) (end 1.85 0.95) (layer F.CrtYd) (width 0.05))
    (fp_line (start -1.85 -0.95) (end 1.85 -0.95) (layer F.CrtYd) (width 0.05))
    (fp_line (start -1.85 0.95) (end -1.85 -0.95) (layer F.CrtYd) (width 0.05))
    (fp_line (start -0.261252 0.71) (end 0.261252 0.71) (layer F.SilkS) (width 0.12))
    (fp_line (start -0.261252 -0.71) (end 0.261252 -0.71) (layer F.SilkS) (width 0.12))
    (fp_line (start 1 0.6) (end -1 0.6) (layer F.Fab) (width 0.1))
    (fp_line (start 1 -0.6) (end 1 0.6) (layer F.Fab) (width 0.1))
    (fp_line (start -1 -0.6) (end 1 -0.6) (layer F.Fab) (width 0.1))
    (fp_line (start -1 0.6) (end -1 -0.6) (layer F.Fab) (width 0.1))
    (pad 2 smd roundrect (at 1.025 0 90) (size 1.15 1.4) (layers F.Cu F.Paste F.Mask) (roundrect_rratio 0.217391)
      (net 8 +3V3))
    (pad 1 smd roundrect (at -1.025 0 90) (size 1.15 1.4) (layers F.Cu F.Paste F.Mask) (roundrect_rratio 0.217391)
      (net 3 GND))
    (model ${KISYS3DMOD}/Capacitor_SMD.3dshapes/C_0805_2012Metric.wrl
      (at (xyz 0 0 0))
      (scale (xyz 1 1 1))
      (rotate (xyz 0 0 0))
    )
  )

  (module Capacitor_SMD:C_0805_2012Metric_Pad1.15x1.40mm_HandSolder (layer F.Cu) (tedit 5B36C52B) (tstamp 5CE44771)
    (at 144.018 67.573 90)
    (descr "Capacitor SMD 0805 (2012 Metric), square (rectangular) end terminal, IPC_7351 nominal with elongated pad for handsoldering. (Body size source: https://docs.google.com/spreadsheets/d/1BsfQQcO9C6DZCsRaXUlFlo91Tg2WpOkGARC1WS5S8t0/edit?usp=sharing), generated with kicad-footprint-generator")
    (tags "capacitor handsolder")
    (path /5CE9111D)
    (attr smd)
    (fp_text reference C11 (at -2.54 0 180) (layer F.SilkS)
      (effects (font (size 1 1) (thickness 0.15)))
    )
    (fp_text value 0.1uf (at 0 1.65 90) (layer F.Fab) hide
      (effects (font (size 1 1) (thickness 0.15)))
    )
    (fp_line (start -1 0.6) (end -1 -0.6) (layer F.Fab) (width 0.1))
    (fp_line (start -1 -0.6) (end 1 -0.6) (layer F.Fab) (width 0.1))
    (fp_line (start 1 -0.6) (end 1 0.6) (layer F.Fab) (width 0.1))
    (fp_line (start 1 0.6) (end -1 0.6) (layer F.Fab) (width 0.1))
    (fp_line (start -0.261252 -0.71) (end 0.261252 -0.71) (layer F.SilkS) (width 0.12))
    (fp_line (start -0.261252 0.71) (end 0.261252 0.71) (layer F.SilkS) (width 0.12))
    (fp_line (start -1.85 0.95) (end -1.85 -0.95) (layer F.CrtYd) (width 0.05))
    (fp_line (start -1.85 -0.95) (end 1.85 -0.95) (layer F.CrtYd) (width 0.05))
    (fp_line (start 1.85 -0.95) (end 1.85 0.95) (layer F.CrtYd) (width 0.05))
    (fp_line (start 1.85 0.95) (end -1.85 0.95) (layer F.CrtYd) (width 0.05))
    (fp_text user %R (at 0 0 90) (layer F.Fab)
      (effects (font (size 0.5 0.5) (thickness 0.08)))
    )
    (pad 1 smd roundrect (at -1.025 0 90) (size 1.15 1.4) (layers F.Cu F.Paste F.Mask) (roundrect_rratio 0.217391)
      (net 11 "Net-(C11-Pad1)"))
    (pad 2 smd roundrect (at 1.025 0 90) (size 1.15 1.4) (layers F.Cu F.Paste F.Mask) (roundrect_rratio 0.217391)
      (net 12 "Net-(C11-Pad2)"))
    (model ${KISYS3DMOD}/Capacitor_SMD.3dshapes/C_0805_2012Metric.wrl
      (at (xyz 0 0 0))
      (scale (xyz 1 1 1))
      (rotate (xyz 0 0 0))
    )
  )

  (module LED_SMD:LED_0805_2012Metric_Pad1.15x1.40mm_HandSolder (layer F.Cu) (tedit 5B4B45C9) (tstamp 5CE4AED9)
    (at 148.336 42.79 270)
    (descr "LED SMD 0805 (2012 Metric), square (rectangular) end terminal, IPC_7351 nominal, (Body size source: https://docs.google.com/spreadsheets/d/1BsfQQcO9C6DZCsRaXUlFlo91Tg2WpOkGARC1WS5S8t0/edit?usp=sharing), generated with kicad-footprint-generator")
    (tags "LED handsolder")
    (path /5CF439D7)
    (attr smd)
    (fp_text reference D1 (at 0 -1.65 90) (layer F.SilkS) hide
      (effects (font (size 1 1) (thickness 0.15)))
    )
    (fp_text value LED_ALT (at 2.803 2.413 180) (layer F.SilkS)
      (effects (font (size 1 1) (thickness 0.15)))
    )
    (fp_line (start 1 -0.6) (end -0.7 -0.6) (layer F.Fab) (width 0.1))
    (fp_line (start -0.7 -0.6) (end -1 -0.3) (layer F.Fab) (width 0.1))
    (fp_line (start -1 -0.3) (end -1 0.6) (layer F.Fab) (width 0.1))
    (fp_line (start -1 0.6) (end 1 0.6) (layer F.Fab) (width 0.1))
    (fp_line (start 1 0.6) (end 1 -0.6) (layer F.Fab) (width 0.1))
    (fp_line (start 1 -0.96) (end -1.86 -0.96) (layer F.SilkS) (width 0.12))
    (fp_line (start -1.86 -0.96) (end -1.86 0.96) (layer F.SilkS) (width 0.12))
    (fp_line (start -1.86 0.96) (end 1 0.96) (layer F.SilkS) (width 0.12))
    (fp_line (start -1.85 0.95) (end -1.85 -0.95) (layer F.CrtYd) (width 0.05))
    (fp_line (start -1.85 -0.95) (end 1.85 -0.95) (layer F.CrtYd) (width 0.05))
    (fp_line (start 1.85 -0.95) (end 1.85 0.95) (layer F.CrtYd) (width 0.05))
    (fp_line (start 1.85 0.95) (end -1.85 0.95) (layer F.CrtYd) (width 0.05))
    (fp_text user %R (at 0 0 90) (layer F.Fab)
      (effects (font (size 0.5 0.5) (thickness 0.08)))
    )
    (pad 1 smd roundrect (at -1.025 0 270) (size 1.15 1.4) (layers F.Cu F.Paste F.Mask) (roundrect_rratio 0.217391)
      (net 3 GND))
